C:1234:aymen:12778:12
f:2345:mashal:13000:40.400002
C:3456:laraib:14000:14
f:4567:noor:15000:60.599998
C:5678:hoor:16000:15
C:345:qwer:6785:16
f:1111:sania:18000:50.500000
